3.18531	9.58538	-1.83522	0.320132	1
44.322	46.2353	-0.0304321	-1.91891	1
49.0783	49.6813	-0.42298	-2.63899	1
48.4274	8.58019	0.136129	0.0310089	1
14.4345	6.72312	-1.48366	3.23571	1
17.0668	44.2739	-5.11163	-1.14544	1
46.5343	47.1678	0.942759	-3.93007	1
19.1898	6.9277	1.01917	-1.48981	1
8.49639	40.2137	-3.1592	4.97931	1
14.2423	0.819553	-3.17313	-1.36217	1
23.6791	49.3528	2.83235	0.534205	1
19.5273	44.1873	0.937034	2.35504	1
17.9179	4.93516	-2.8928	-0.656963	1
12.5041	45.4905	1.7454	-1.09856	1
22.3393	0.441181	2.56578	-1.36884	1
30.1791	38.8874	4.5986	-3.97862	1
26.1355	45.0717	-0.157039	-0.674513	1
24.7635	6.90122	-1.41679	1.75339	1
31.2832	38.2351	2.60244	-0.643402	1
33.1996	47.9826	-0.863261	4.82144	1
30.1012	2.9037	-1.50527	3.51297	1
36.4815	9.5633	-1.40889	1.69583	1
37.9349	0.977171	1.68011	0.0114566	1
38.7489	43.7066	0.738416	-1.49112	1
30.8734	49.0708	-2.2631	-1.27935	1
42.5281	46.249	0.149073	0.329275	1
38.2458	49.8402	1.68551	2.21655	1
38.692	5.34321	-0.257683	1.95958	1
46.7318	48.7906	-1.48902	-0.402872	1
41.4089	47.1623	0.229296	1.93473	1
37.1104	4.17802	-0.951107	-0.200002	1
4.62895	42.4503	-0.916676	1.653	1
1.22062	3.35956	1.94661	1.56209	1
0.315775	49.2072	2.83183	-2.21084	1
49.1435	48.3929	-0.66884	-1.63632	1
5.48455	18.5369	-0.619692	2.58212	1
41.1808	39.9119	1.52421	1.0185	1
11.3181	0.635385	-1.37646	-2.12309	1
9.13507	1.91046	-1.0195	0.190755	1
16.3706	9.64449	1.58299	-2.49627	1
10.4071	6.03841	4.17654	-1.1209	1
15.2262	5.16527	-2.69974	0.230476	1
14.5961	33.6707	4.41233	-1.36785	1
16.1874	8.35587	-2.21085	-0.338997	1
31.7866	2.01165	-2.00777	0.174578	1
17.4434	1.20062	-0.94869	1.13523	1
19.5765	46.6877	-2.43076	1.03444	1
25.7551	47.8668	1.28983	-0.0259246	1
28.0587	41.545	0.013864	4.32538	1
28.962	46.6044	3.34261	-0.249634	1
21.133	9.02848	0.836832	3.35277	1
34.9918	8.1866	0.412143	-1.14259	1
33.0503	0.883005	1.0391	-0.122699	1
33.5313	46.7893	0.557672	-3.24885	1
35.3306	10.4305	-3.92592	0.785353	1
29.9715	1.93528	2.09714	-0.488918	1
35.8579	7.09475	-3.26173	2.88547	1
33.4361	7.31805	-5.43574	4.20527	1
32.3866	5.29631	2.64262	0.951222	1
30.6178	44.9028	-1.44015	-4.54813	1
41.6249	3.31738	-5.22505	0.302197	1
1.05271	44.2199	1.02754	-1.63923	1
46.4596	3.57655	2.21903	-1.31803	1
42.2708	6.98713	-2.71578	1.10552	1
6.4509	41.3635	1.18303	-0.960371	1
45.2782	2.77041	1.49264	0.392991	1
48.8628	5.77802	0.513506	0.064524	1
14.757	7.89596	-4.32726	-1.16613	1
4.21684	48.1442	1.66484	2.27269	1
15.8216	4.40414	-3.82895	-1.20339	1
3.97887	46.324	2.12012	5.84247	1
19.1786	14.8778	2.72733	4.24333	1
14.1097	2.07222	-5.64258	-0.018599	1
2.11056	2.75421	-1.00903	1.97943	1
12.0677	2.81771	0.676939	1.18175	1
8.66555	12.4407	-4.00376	1.64314	1
16.0045	49.8128	-1.92015	0.623154	1
23.467	2.70148	2.38004	-0.542987	1
9.29671	0.809085	-0.791303	3.79913	1
28.901	41.9963	0.619557	5.02368	1
32.9188	31.7631	2.99888	3.47684	1
30.1744	43.9182	-0.573946	-0.609447	1
24.5197	4.66777	-2.60781	4.33231	1
31.501	4.5629	0.133454	0.19265	1
38.8706	48.0251	2.03367	0.228738	1
30.4613	4.16953	-0.914435	2.5121	1
22.55	39.0979	0.723123	-4.89546	1
29.6473	49.6721	-1.50635	0.865321	1
47.3708	4.80748	-0.272614	0.42607	1
46.1256	9.04994	-0.258927	-1.37979	1
34.9662	3.68055	-1.64882	0.773769	1
47.9097	48.7049	1.27538	0.971061	1
2.86616	11.0331	-1.78829	-2.22421	1
37.0632	2.93643	-2.2276	1.65902	1
41.0874	4.96456	-6.01516	-1.60488	1
48.0897	2.50263	-0.740781	-1.50668	1
42.789	5.12366	0.602193	-0.127267	1
44.5354	4.07253	-3.93805	0.998077	1
5.02955	1.13215	-2.79249	-1.48268	1
5.94481	0.368572	-1.89946	0.373383	1
48.2747	10.962	0.650699	1.04852	1
12.5453	7.41531	2.30212	0.535037	1
6.15243	2.90197	1.33773	-1.35521	1
12.3418	3.83327	-6.2696	-1.27177	1
11.252	41.2936	1.28811	-1.9784	1
10.1864	3.45583	5.0252	0.255878	1
27.7206	45.7782	-0.386346	1.04964	1
26.4611	45.9444	-1.79072	0.363778	1
21.2589	6.51987	2.30708	1.63154	1
27.0616	0.053243	0.951007	-2.84748	1
32.741	11.1421	-1.16287	0.616864	1
17.9462	2.70138	0.898913	-1.43769	1
23.8284	0.598705	1.42795	1.13999	1
28.6627	1.42212	1.37589	-2.181	1
26.3153	5.93517	0.439938	-0.690987	1
26.4788	7.8049	1.2954	-1.57273	1
25.2931	2.54601	4.80717	0.665763	1
25.174	49.8537	-0.218755	2.93227	1
38.0269	8.12753	1.35114	-0.141509	1
35.257	9.40336	4.84649	1.52215	1
29.9202	47.2349	2.70469	-0.242915	1
38.1018	10.8387	2.64411	5.35898	1
4.16758	19.9133	-1.5997	-1.48817	1
43.5395	0.556851	-5.81413	0.28561	1
30.8706	8.23374	-2.15432	0.931078	1
37.7122	5.42397	-0.484118	2.90835	1
3.17437	47.7051	-2.06397	2.48649	1
3.74673	5.84809	0.639293	-4.36019	1
45.1472	11.3883	0.724155	-2.36464	1
46.2179	5.08131	-1.45629	-2.36756	1
4.93693	5.80463	0.821991	1.79043	1
8.60255	3.87178	-1.69702	3.72421	1
4.50547	3.82551	1.1127	2.587	1
10.9325	9.03143	3.49558	5.31542	1
20.4333	47.2233	-3.13576	-0.627385	1
11.1948	3.75776	1.82418	-0.568172	1
6.96753	14.4273	0.637542	-3.59741	1
18.4648	6.02416	0.737649	2.42945	1
25.4773	1.37655	-3.79025	3.80339	1
19.3543	45.4382	2.5928	-0.252316	1
9.6286	5.00153	3.8078	-2.90728	1
1.11225	7.52163	1.01303	2.75223	1
20.6887	4.59116	1.51982	-0.368866	1
26.845	15.3747	-1.08062	3.31949	1
16.3378	10.7921	-5.3738	0.334915	1
35.2014	0.148657	0.251877	1.47872	1
21.7953	2.08437	-0.509138	2.63766	1
29.8267	6.09306	0.775966	1.47272	1
26.4791	3.31793	-1.75842	1.43823	1
38.7264	9.25811	1.29552	-1.33744	1
34.1345	9.46147	-2.44895	2.04088	1
35.7971	19.8104	4.59266	-0.162484	1
46.191	7.19767	-3.45534	2.43408	1
37.3912	16.0178	0.0151724	-0.0984636	1
39.148	11.8314	-2.63801	-2.36383	1
5.48599	7.27455	1.27651	3.29545	1
48.8266	16.889	0.408864	-2.83634	1
42.1664	4.41546	4.03471	1.06344	1
35.9423	3.13465	0.839441	-3.66341	1
0.338645	3.71363	0.221795	-0.0269717	1
41.1082	7.8034	-0.914639	-2.52164	1
3.12975	14.6741	0.0912024	4.65101	1
1.40177	6.61516	-2.72197	3.20164	1
5.59077	12.496	3.68786	0.823102	1
49.7623	6.95791	-0.260345	-4.91701	1
12.5521	6.28272	-1.30857	-1.24077	1
10.5159	12.0199	6.7094	0.500872	1
18.7345	8.16167	0.381408	1.11974	1
17.5063	10.0869	2.32399	2.81802	1
6.14723	11.6456	2.11411	-0.0789783	1
14.0971	8.92449	-5.0414	-0.156964	1
21.6397	5.03797	0.317523	-2.15605	1
23.1552	9.94352	2.1185	1.3044	1
20.9135	45.2969	0.27626	1.50127	1
30.0254	14.9728	0.39649	-1.7853	1
6.99683	45.4501	5.23328	-0.472549	1
22.605	6.54449	-2.21815	-0.114508	1
26.458	12.0583	-1.82431	-4.65083	1
27.5411	8.24671	2.53934	0.592008	1
19.772	3.51865	-1.39247	0.823101	1
27.736	2.07754	3.5576	6.67662	1
26.4662	2.41534	-0.564021	-3.47163	1
32.0873	9.33663	-2.60028	-0.998154	1
31.8697	0.0768699	-0.417289	1.62337	1
36.5089	13.7213	2.25466	-2.05584	1
40.9218	8.97443	0.215725	-0.556583	1
40.9732	11.5424	-1.87715	1.44309	1
33.7563	49.4149	1.44235	-2.30331	1
49.7738	9.78852	0.251771	1.24442	1
0.27263	5.23764	3.67936	0.84808	1
44.6378	8.26817	-0.0789922	0.439733	1
7.02295	9.32486	-2.68378	0.483399	1
43.2753	24.0411	-5.19367	-0.78902	1
1.78769	4.46119	-1.15813	0.174057	1
2.31786	16.678	-1.43307	1.74203	1
3.0263	49.9093	-3.1314	-3.46453	1
8.7171	14.0785	2.81731	2.71067	1
48.9297	14.0359	2.88974	1.77213	1
3.06367	7.56729	-1.33143	-1.57926	1
14.0886	9.78182	1.04486	-2.48669	1
1.08339	9.99254	0.476888	-1.98625	1
3.28384	3.93515	-1.71152	1.94149	1
19.5239	6.07145	-0.921102	0.860578	1
6.6	4.52396	-0.928438	2.07842	1
21.8275	3.58097	0.847387	2.02524	1
30.5904	9.76004	-4.46755	-0.597852	1
20.0989	14.0118	0.284297	-0.374438	1
19.8631	9.08535	1.49885	-1.12806	1
33.6225	2.17897	1.54626	2.01089	1
26.3816	14.0241	-0.412997	-1.45991	1
27.8887	5.95969	-2.25248	0.980023	1
23.6301	1.61096	-2.22322	-0.242162	1
22.1319	10.5977	-1.64364	3.32209	1
33.5703	12.1038	-0.202655	2.49189	1
30.0305	11.8111	0.949623	0.180259	1
35.9722	12.7176	2.16299	3.21115	1
36.4857	5.20383	-2.80282	-2.19361	1
31.0607	16.4461	-3.49996	-0.659971	1
42.525	14.4678	-3.37866	-0.810589	1
3.08429	13.5985	0.363885	-4.08208	1
44.435	9.76371	0.579826	-6.16518	1
4.56289	26.8294	0.329956	-3.05731	1
45.8421	6.03447	0.661526	0.894712	1
48.1298	15.749	-3.23337	2.68384	1
39.3671	4.13756	0.919033	-2.34959	1
3.96827	8.19273	3.24175	-2.55936	1
49.3405	11.073	-0.840613	0.803495	1
11.0545	15.0866	-3.22928	0.823968	1
7.07105	6.54918	3.9673	-2.79426	1
16.9316	7.24846	0.177465	-3.06054	1
12.0051	13.4152	-0.252484	-0.566261	1
14.1745	17.5828	-1.20457	0.352577	1
5.83307	8.68326	1.87174	-2.54138	1
13.3935	5.33886	-0.549679	-0.981759	1
22.9784	8.69623	3.86155	2.57029	1
9.47404	10.7214	-1.52972	-1.31037	1
12.6705	16.4221	1.54936	-1.54696	1
21.7717	7.91068	-2.17299	4.11935	1
20.5177	1.83912	-1.49721	1.83891	1
22.0822	49.3408	1.14162	-1.36387	1
24.5173	48.3571	-0.0180959	-1.80243	1
24.9508	14.3712	0.713631	-2.74347	1
29.2333	10.868	2.45929	-0.769291	1
20.8327	3.07189	1.28591	-3.36567	1
27.7723	25.318	-0.722892	0.667825	1
36.37	0.872481	-1.41035	-0.49455	1
26.8466	9.08535	-3.8486	-2.51246	1
35.5971	14.5544	2.64842	3.59392	1
34.465	6.273	-3.82941	0.0204252	1
28.7619	13.7153	-0.48667	-0.693128	1
40.8748	15.3132	-4.94057	2.11236	1
38.0605	6.48501	-2.11326	2.40429	1
5.31548	14.8677	5.05121	6.16901	1
38.5221	15.3929	-0.111015	-1.20864	1
45.6097	14.0235	-1.99018	-4.0696	1
6.72636	12.4982	4.76117	1.36994	1
16.032	12.3963	-2.52282	-4.25952	1
43.8267	18.0856	-0.0450539	0.537862	1
44.7471	14.855	5.45077	3.22513	1
6.34436	1.80479	-1.66892	-3.07962	1
49.3805	21.4609	0.517947	-2.73684	1
45.4997	10.1386	2.11059	1.23546	1
10.7526	10.744	-2.22228	1.30086	1
12.2702	14.7356	0.875304	5.45692	1
4.62049	16.1797	-1.24474	1.67426	1
5.18201	4.85871	0.230839	1.3848	1
15.8192	6.35728	1.22234	0.92158	1
18.9773	2.53809	-2.94482	-0.367697	1
7.93714	7.18137	0.183187	-0.877897	1
20.2487	20.0873	1.82453	-0.849595	1
20.3977	10.5824	1.06366	4.39871	1
21.8763	14.5928	-0.794402	-4.135	1
22.4101	17.6625	1.35177	-0.930397	1
21.3991	12.8355	-2.0538	0.357283	1
21.1724	15.4449	2.15279	-0.673072	1
24.9297	5.82333	0.00196687	-0.354481	1
24.1099	9.23693	0.713247	-2.2109	1
31.0654	14.6623	2.01299	3.28746	1
36.5904	8.49683	1.80731	-0.64312	1
36.4693	15.1078	-1.10835	0.292474	1
39.8815	19.238	-0.585372	-0.860505	1
34.6668	11.6548	2.32017	2.51016	1
43.3069	8.64408	1.00179	1.25608	1
46.4993	16.5783	-2.44265	-0.738358	1
36.1904	17.5811	-1.91333	-3.84273	1
41.811	12.7085	2.19024	-2.82192	1
45.6043	12.859	-2.20851	1.13465	1
47.3734	13.9681	3.70007	3.09165	1
11.4242	15.8642	-2.91355	-0.631463	1
8.03587	4.60303	-1.07143	-0.0292388	1
8.27565	8.63616	-3.10172	-0.553623	1
10.0403	16.9003	0.0753056	-1.53383	1
7.67409	11.6188	-0.178673	0.971465	1
13.0071	9.98532	-3.91196	1.96877	1
48.0227	7.73221	-2.93672	1.30172	1
7.71178	16.0749	0.889075	-5.56532	1
13.1332	21.4009	-1.79633	0.934213	1
11.3944	7.97086	-2.19505	-1.74009	1
17.8683	7.93569	1.0582	-1.32646	1
15.4551	27.1597	1.00666	-1.68171	1
13.5588	15.6343	2.02206	0.797565	1
24.0349	15.9561	-0.806887	0.356922	1
17.1945	14.9893	-1.50745	-0.144076	1
12.595	12.0547	-0.209485	-4.10859	1
20.8454	18.0259	-0.288727	3.01097	1
27.786	10.6473	-2.50095	-0.0193126	1
40.9252	6.75385	5.32484	1.48746	1
35.2509	15.576	-4.56274	-1.2962	1
24.4476	10.3486	1.311	-1.94481	1
28.3053	20.3627	-1.97194	2.997	1
39.6274	13.5736	0.0630762	-0.441443	1
29.968	8.73804	-4.62351	1.29444	1
41.0633	17.2681	1.48353	1.95648	1
43.8928	11.0782	1.51104	2.30215	1
25.4381	9.5698	-2.82195	-0.737931	1
42.0001	11.6628	-0.0436742	0.898019	1
38.4476	18.5595	-4.85251	0.610228	1
39.8385	11.0178	-2.87743	-0.256655	1
43.3559	20.9057	-5.17028	0.611691	1
41.5968	15.95	-2.4547	0.0780726	1
7.62851	17.7959	5.95359	-0.476188	1
5.38852	20.1883	0.959077	-1.90821	1
3.64341	15.67	1.97278	4.26862	1
1.59354	24.0291	-0.472334	2.00508	1
49.5947	15.771	-3.07518	-4.88671	1
0.0750418	12.4011	0.211753	-0.782298	1
8.88656	18.3944	0.142394	-0.678984	1
10.2509	13.3278	1.24036	2.35888	1
11.2066	18.9835	-1.63824	-0.39305	1
16.4927	26.3658	1.17875	3.54311	1
11.098	24.8146	-1.87117	-2.48988	1
17.8215	20.3088	-0.627071	-0.441711	1
22.766	29.0628	-0.0886911	2.05609	1
18.1493	16.4289	1.72554	0.757494	1
10.895	23.0838	-2.60429	-0.47714	1
23.9661	18.0676	1.71203	-0.930518	1
28.1649	21.3885	-2.32507	0.840819	1
28.0199	15.2493	-0.422201	-0.626991	1
35.1573	21.3838	-3.1603	2.13554	1
26.0019	19.537	-0.24497	-1.18954	1
27.9244	9.24687	-1.32233	-1.30501	1
23.3259	11.4559	-5.27174	1.06651	1
25.9727	4.52169	0.0355202	1.81136	1
33.913	16.4848	-3.76389	-1.01375	1
40.869	23.0253	-0.915602	1.09563	1
44.5235	24.084	-0.481853	0.923019	1
46.3534	27.8244	0.69301	0.32628	1
41.2991	13.5744	-0.0304607	-0.907907	1
42.0603	16.8207	5.7173	-0.113726	1
42.0679	21.4857	3.07609	-3.93413	1
46.6115	10.5382	-0.149941	1.82044	1
45.6115	19.4304	1.53171	-2.87567	1
2.05167	19.643	-0.674537	-2.64225	1
45.2635	21.4834	-2.23596	-2.11468	1
4.45975	18.6518	0.127721	-1.78716	1
10.2186	24.9295	1.17216	-3.32943	1
5.83675	21.0501	-0.160966	-3.6049	1
1.88614	8.66155	-0.420292	-1.36496	1
3.03167	6.65372	2.27076	-2.22932	1
13.1682	17.6684	4.67413	-0.620408	1
1.12218	16.8314	-0.963276	0.392384	1
18.7437	23.445	-2.18057	-0.315618	1
15.6425	21.2169	-0.0749095	4.68184	1
18.1699	11.4275	-0.0176428	2.60107	1
26.1474	18.2804	1.06356	1.19714	1
19.6555	12.4091	-2.06772	0.0621346	1
23.9643	13.7332	0.157002	-4.17844	1
15.5046	15.7094	0.00214334	-2.06444	1
13.1145	20.2113	0.871117	2.69895	1
23.3733	22.3052	-1.46072	-2.9095	1
28.0024	17.7043	-3.90171	1.07589	1
25.23	15.5517	0.558612	0.0208214	1
25.0529	13.2265	0.443688	-4.63949	1
31.3625	20.1129	1.11261	-3.42337	1
36.7439	20.9541	0.306552	0.533208	1
33.8909	17.5681	4.67783	0.049523	1
31.9722	6.27516	0.176038	0.76386	1
40.0221	17.314	-0.034313	0.868614	1
46.7915	5.98663	-2.1947	-2.46294	1
33.7302	15.1425	-2.18155	-1.7367	1
2.47848	17.8157	1.30093	1.43273	1
43.2846	9.65313	-0.339051	-1.20723	1
39.8554	22.3711	1.95517	2.43839	1
43.3161	13.6636	-1.84264	-3.74725	1
46.8828	11.8911	2.36232	0.873921	1
8.52359	28.1117	-1.62947	-1.02538	1
49.1121	12.4218	1.71421	-1.67442	1
12.0421	17.6131	-0.0134298	0.833259	1
0.505126	16.0296	-1.17909	-3.28278	1
2.59785	22.9444	1.52993	-1.01534	1
19.1991	18.5232	-0.664141	0.968434	1
15.8326	28.0724	1.55052	-0.692917	1
8.07899	10.1039	0.729041	-0.706648	1
0.494997	19.5999	-0.229207	1.49458	1
14.8123	11.205	4.90291	4.46673	1
15.3155	24.1915	0.0434499	-1.82919	1
20.4465	16.4379	0.155628	3.04553	1
19.0581	9.51501	3.80584	0.0321927	1
27.1228	4.77226	2.17054	1.20511	1
28.2207	7.42142	-2.05496	-4.05426	1
14.7951	13.6686	1.30337	-3.34938	1
14.6529	21.0726	2.04895	-1.31819	1
32.4608	17.4107	-3.74887	0.891013	1
19.437	24.6818	2.3771	0.116092	1
34.6133	13.1219	-0.0917241	-1.74013	1
37.9496	13.6769	2.4484	0.616139	1
39.823	20.4507	-3.82052	-0.0962201	1
35.1855	22.5652	-0.582461	-1.38329	1
42.2747	24.1866	0.989183	0.338372	1
37.0166	21.9627	0.112383	-4.72927	1
44.6964	20.6148	-1.29415	0.641852	1
34.6815	28.0155	1.23062	-0.216352	1
43.6633	19.3658	0.699992	-2.89072	1
34.6468	19.5223	1.0338	2.38575	1
41.3242	20.2211	-3.15126	-0.896686	1
49.356	23.174	-6.12161	-0.74951	1
46.2926	15.0576	0.328026	1.53555	1
0.485776	14.0812	-2.78322	0.2504	1
3.26687	24.9509	1.76313	1.75991	1
15.7648	14.371	2.2213	0.393936	1
8.95395	15.6981	0.483098	-2.56014	1
13.9994	19.6608	-3.4747	4.30959	1
14.8171	22.4731	0.339345	-4.18879	1
19.3237	17.2343	-3.66085	-0.995097	1
11.8221	21.2688	-0.779418	-1.38657	1
11.4671	25.9414	-2.30125	-1.75945	1
4.04745	11.557	2.65521	-1.48793	1
17.7211	17.961	1.03537	3.91473	1
23.8979	24.1407	1.85289	-7.33555	1
24.0149	26.2542	-2.18835	0.292653	1
21.2085	23.8761	1.9912	-2.92778	1
13.0677	13.0556	-2.54628	2.86358	1
16.8327	13.9542	-3.02925	-0.181814	1
26.604	29.114	3.21099	-4.43674	1
19.0627	21.9248	-1.55665	1.26925	1
13.4725	11.6707	0.480457	0.39852	1
29.885	20.6393	-0.124641	-2.45703	1
22.8982	19.6901	2.02761	-0.281123	1
25.3857	7.84942	-0.428491	-1.45545	1
22.8329	16.3308	1.43544	0.703119	1
38.0908	23.4352	-4.62075	-3.22965	1
43.5608	15.5678	-1.8405	-3.62545	1
28.7269	18.6414	-1.26745	1.50094	1
38.1401	21.571	-1.46018	-0.957201	1
41.936	22.502	-0.254432	1.04525	1
46.8386	21.2099	-0.726526	2.5306	1
5.1298	22.8766	-0.24031	-0.618842	1
0.891011	18.5306	1.59918	0.511858	1
48.6162	18.5004	1.04344	4.18435	1
47.9857	25.7561	-1.69662	1.26757	1
0.424879	32.5308	-1.9581	1.62289	1
46.6578	18.5577	-0.45991	-5.33928	1
7.37403	21.8309	-4.12605	-2.25474	1
6.93772	16.9185	2.79204	2.54021	1
7.95666	29.0047	3.28642	-3.40011	1
47.3639	26.7723	2.89622	1.6451	1
6.83365	20.9942	-0.226571	2.01702	1
20.3312	19.0432	-2.14665	1.29667	1
18.6203	20.7508	2.07484	-2.99526	1
28.637	23.1974	3.14584	-4.74962	1
22.1411	21.8384	0.28328	3.03386	1
29.1312	39.6839	-0.677572	0.635141	1
25.7248	21.8117	0.599421	-2.45288	1
26.1703	10.7185	-1.78768	0.768048	1
21.34	29.7005	3.41287	0.820988	1
29.2032	15.9283	-0.721094	1.30414	1
34.0312	22.5364	3.90953	-4.83227	1
21.3506	19.8883	-2.95083	-0.342726	1
20.4431	11.5318	-2.30528	1.16769	1
35.8945	31.0569	-1.56272	1.11851	1
35.9695	25.2108	-0.734552	-0.387708	1
42.5727	19.0686	-6.45285	0.0134297	1
40.9922	24.6812	1.65439	3.03623	1
42.6623	25.0334	-1.16218	-1.76246	1
46.4803	30.0898	-1.0754	2.83104	1
3.94523	27.5862	1.68392	1.59852	1
42.2022	28.0801	-1.46465	-0.0600072	1
44.3605	13.5828	1.93682	-1.06451	1
37.6485	20.0655	-2.97185	-3.62445	1
1.05827	12.9108	-0.57386	0.411192	1
45.6	24.0598	-2.15484	2.14457	1
6.10723	27.5364	2.73765	1.40093	1
39.6703	15.1723	2.76383	-3.10588	1
2.80034	29.5472	-3.77375	3.84034	1
9.10017	23.4845	0.247451	-0.466406	1
2.10266	32.0274	-1.31798	-1.29683	1
11.1275	13.7274	-0.763915	-2.06158	1
9.75748	22.7816	-1.3293	-4.09547	1
5.65669	22.0696	2.37791	1.7587	1
20.7201	27.6723	-1.96079	-1.06058	1
16.5649	22.6691	0.264408	-1.16791	1
18.0897	33.0892	-0.776228	0.183182	1
19.6507	28.8434	2.42068	4.14956	1
15.062	25.177	-0.694761	-1.94419	1
19.4871	26.0404	-2.35582	-3.2375	1
30.9598	23.2698	1.10072	0.441384	1
27.3693	22.7732	-2.64827	-0.667732	1
24.5103	22.1321	-3.17627	0.200224	1
32.3353	14.3623	2.69832	3.97245	1
18.5048	31.0563	0.417306	0.887798	1
33.1106	26.3419	-3.04781	-1.68623	1
27.7664	27.0734	1.0194	-3.32087	1
32.9751	13.0773	4.12002	-4.53959	1
40.075	12.4594	-0.570441	-0.56522	1
25.2442	20.3727	-0.9322	-1.00201	1
39.7437	27.2043	-5.32071	2.98043	1
41.3283	18.3627	1.00002	-2.94995	1
35.5824	29.0428	-0.0767723	2.01992	1
44.9748	16.0119	-5.19561	2.40296	1
1.0682	25.6279	-1.51582	-1.0824	1
3.71925	22.9343	-2.81816	-1.21211	1
48.3163	22.7508	-0.283981	-0.765902	1
42.8986	17.6598	0.131905	0.671419	1
7.80146	25.3354	-1.42937	2.06629	1
3.3826	35.2998	-2.02998	-0.308793	1
0.795786	30.5651	-1.7299	0.813338	1
3.85341	28.8858	-2.62339	-2.0915	1
10.9822	17.3967	3.39731	-5.74023	1
4.70465	34.8021	4.44759	-1.19264	1
2.26251	25.1252	2.68945	-1.88715	1
10.7576	30.4849	1.56964	-1.75475	1
12.4212	24.8389	1.54313	-1.28246	1
12.2509	22.2467	2.43484	-3.56493	1
26.4939	26.9254	1.73687	-0.173491	1
17.7262	27.8297	1.59696	-0.904475	1
19.8687	23.0948	0.453704	-2.34951	1
30.0081	31.2253	0.0120489	-1.05184	1
16.4795	24.2962	2.66688	0.43692	1
21.95	16.0697	-0.545116	3.06449	1
26.9881	30.8865	-2.01544	-0.940081	1
25.1024	16.9858	0.373897	1.74839	1
33.237	19.316	-2.37386	2.11159	1
31.3814	32.0317	-2.26511	-3.72795	1
36.9567	25.6725	0.924513	-2.2688	1
35.0076	31.3934	0.240614	0.618116	1
25.472	28.4421	0.605452	1.33118	1
28.7939	36.9654	2.72139	1.93561	1
47.5121	23.3356	0.3835	0.978757	1
46.1808	28.8943	2.51058	-3.13847	1
0.73829	22.4281	4.90688	0.546171	1
43.6311	22.0373	-0.0860869	2.43738	1
46.4463	22.7478	0.332872	-0.188269	1
4.47606	21.8019	0.895773	0.850207	1
44.2105	25.22	2.09738	0.525014	1
38.4685	25.0572	3.22686	1.20405	1
2.1947	37.8424	-1.22884	-0.522296	1
1.62376	21.6174	-2.22973	0.618399	1
9.30161	36.1256	-0.996952	-0.187982	1
48.7326	32.5563	0.683812	2.77442	1
9.80953	30.3392	-0.821916	-1.53657	1
13.0735	19.1036	2.38906	0.0932821	1
31.7361	30.2336	1.77511	0.202723	1
11.348	29.5044	4.6755	0.0357632	1
14.1968	32.4281	0.21132	1.88159	1
14.5723	30.1561	-0.697786	-2.2959	1
23.1699	32.7092	4.98751	-3.01097	1
20.5917	38.9818	-3.2474	0.906436	1
26.3396	38.9438	1.89326	2.17719	1
16.0167	30.1554	1.33585	-0.709033	1
19.0596	38.9577	1.19776	-3.91299	1
19.5006	31.1685	-0.618658	-4.56663	1
30.4075	25.0785	-1.56015	4.28062	1
32.7031	25.2902	1.42564	2.43922	1
32.9607	18.198	-6.01894	-1.16915	1
36.4449	32.9093	2.76439	3.41426	1
34.3965	20.4919	-1.7293	1.37158	1
30.2699	26.2621	-1.07465	-3.26591	1
43.6516	33.9448	-0.00292455	1.0787	1
49.8202	39.4322	1.79956	4.09424	1
33.7605	24.6557	-2.23709	-2.14402	1
40.9624	21.4746	-3.12807	2.56302	1
45.1977	26.246	1.10978	1.67047	1
40.3387	14.4215	-2.87992	-0.85802	1
46.0337	31.2802	-2.31011	1.67187	1
31.4404	18.3578	0.918648	2.47047	1
48.3238	24.8472	-2.95885	-3.11393	1
5.34021	23.9463	-1.08225	-1.38911	1
8.72335	19.4494	4.28267	0.275595	1
49.5651	31.5825	-1.72723	0.643441	1
4.60095	25.4321	3.67314	-3.5659	1
8.77342	31.9758	-0.6195	3.40694	1
2.25123	27.9227	1.31232	-2.04985	1
8.08068	32.8304	-2.52097	0.804401	1
5.58286	26.3048	-3.28187	-0.923716	1
14.0035	27.3316	-0.990073	-2.66105	1
20.9819	35.4787	1.23757	-1.18595	1
22.2038	44.382	3.0514	0.379871	1
10.643	27.4596	-1.5312	4.0979	1
13.7445	25.5645	1.335	3.47849	1
21.8285	20.9153	-1.96454	-3.10586	1
23.9299	27.7769	-0.117149	2.01044	1
25.6007	37.5342	1.60568	-1.98201	1
24.1438	29.4709	-2.161	-0.531736	1
25.5273	33.2477	3.67892	0.568953	1
24.9067	25.0332	4.28221	-3.04078	1
23.6884	30.7078	0.0378561	0.510918	1
29.8173	18.3756	-1.1937	-1.10328	1
27.5234	31.8912	-4.01256	2.70948	1
35.5553	26.5451	-0.59427	1.82985	1
29.7373	32.3127	-0.969391	0.684606	1
35.0131	34.9962	-0.855803	-0.753882	1
40.0629	25.3359	1.51357	-2.84758	1
43.586	26.685	-3.09269	0.421407	1
38.9798	30.7033	4.49943	1.60497	1
44.8698	33.4152	6.01601	2.2536	1
45.4957	41.5571	0.379639	1.64308	1
0.108072	20.6144	3.2885	-5.64454	1
49.191	28.6589	-0.258029	3.91896	1
1.94477	34.4823	-2.41963	-1.88697	1
49.6705	36.9745	-0.0326678	0.128229	1
2.08004	28.8564	-2.90391	2.07855	1
0.574583	26.805	2.81777	3.3332	1
2.18801	35.4066	0.367695	-0.919996	1
12.4305	34.1894	3.62526	0.996603	1
12.0956	32.1042	-3.35471	-1.35968	1
17.2073	31.1506	-2.513	-3.66909	1
9.75879	34.1763	0.698798	-1.76871	1
10.2036	26.2575	-1.38103	2.08805	1
17.2993	24.784	-0.0400295	-1.39467	1
17.5022	22.6478	-2.97476	-1.11327	1
10.5758	21.0462	-0.576348	-3.27437	1
18.4395	26.3201	-4.31793	-4.43006	1
26.2477	24.6475	-0.0605481	1.35792	1
26.0289	36.2484	0.313528	-0.749861	1
24.887	32.2353	0.629625	-0.881125	1
27.1317	20.3112	-2.02859	-3.60797	1
28.275	28.9542	4.96145	0.645522	1
31.7167	28.4844	-0.870616	1.32545	1
29.8505	16.8713	2.46385	0.69395	1
38.2601	40.6726	0.786059	1.62866	1
36.8728	34.9286	-3.61179	2.29458	1
38.789	19.6594	2.29881	0.170368	1
34.2896	26.4327	0.755162	1.11985	1
41.6542	25.8453	2.78332	-1.86295	1
40.0902	37.7528	1.28507	0.0435935	1
48.6192	26.9949	-0.175693	3.843	1
45.4403	30.1053	0.66893	-1.31047	1
46.9971	39.3885	1.77211	2.77747	1
38.2117	27.3298	3.92736	-0.830115	1
6.55474	29.1731	0.643087	-3.02988	1
47.8394	29.656	0.650011	1.00974	1
48.5807	37.9644	1.40171	1.40944	1
7.3955	24.3703	1.54383	0.941305	1
0.599965	35.2165	-0.62928	-0.645726	1
9.18113	27.1347	1.73793	0.287575	1
14.7057	28.4041	-1.86101	-3.01349	1
13.5462	40.9568	2.18897	-2.51612	1
12.4685	35.2922	1.60803	2.83084	1
13.4965	29.3571	-5.27173	-2.06919	1
11.9453	23.229	2.25541	2.94555	1
15.7974	42.7423	-5.91197	-1.06326	1
14.4913	23.4159	1.34913	-0.548096	1
22.1352	35.1278	5.69935	2.71452	1
18.9674	30.0518	3.58282	1.41201	1
21.4627	31.3431	-2.02065	2.97898	1
26.0973	25.7731	1.52506	2.38462	1
24.0479	40.0133	-2.33621	-1.07625	1
27.9306	40.1515	-1.62221	-0.611219	1
32.0688	23.1323	-0.775449	-0.725862	1
29.1795	40.7543	0.973226	0.993789	1
30.1439	30.17	-1.78771	-0.0420704	1
32.551	27.925	-1.53422	3.52634	1
37.5644	31.0502	-1.31225	-4.0755	1
33.3379	28.9338	-2.44731	1.32415	1
40.432	31.7552	-1.5532	0.876376	1
42.0091	31.3177	-2.10894	0.869735	1
43.3232	35.3355	-1.29898	0.246256	1
46.1823	26.78	-2.16065	0.645051	1
42.4548	20.2304	-2.60726	-2.8512	1
49.5008	33.1506	-0.581155	0.715908	1
45.6022	35.3439	-2.04462	5.96797	1
49.4932	34.8079	0.0207376	3.07442	1
42.7417	40.7447	-1.52204	-0.25121	1
44.7215	27.5778	0.512611	3.85489	1
7.07991	19.3769	-0.386352	1.68175	1
9.26371	29.1144	2.21927	1.01412	1
6.02358	36.4551	-1.54155	-3.51728	1
49.0746	30.7881	2.22208	0.00812592	1
6.15601	38.7882	-2.26455	-1.97905	1
11.8369	28.0988	-1.30639	-0.423327	1
11.2864	31.3636	-1.76207	-0.0870921	1
9.42017	33.0899	3.18391	-0.0949997	1
19.5812	33.3542	-0.0401296	-3.06583	1
21.1213	25.6504	-0.00358211	-1.17359	1
17.1412	29.5913	-3.04547	1.08865	1
15.3402	20.0134	3.85888	2.17209	1
18.9669	32.2096	3.67266	3.68548	1
25.7872	34.7908	2.48965	1.63603	1
39.2527	31.953	-5.33974	0.719931	1
29.0174	29.8477	0.757529	-3.72957	1
23.7325	31.8518	-1.1893	-1.89309	1
22.1199	33.4111	0.718093	0.297889	1
28.7934	27.6254	-1.06351	2.12545	1
34.0783	35.8962	-1.77252	2.9116	1
35.796	38.2168	0.889117	2.97779	1
36.9334	42.138	0.615087	-1.03587	1
39.0999	27.8351	0.589368	3.86456	1
41.6217	41.771	-2.00622	0.465139	1
37.3515	29.2	5.03723	-4.15122	1
40.8196	28.1977	0.0455727	-2.21429	1
43.8414	37.1366	-1.61632	3.33709	1
44.1226	31.9253	-0.130775	0.719258	1
45.346	32.2314	-2.40176	-0.501066	1
4.60353	31.845	0.00559556	-1.80412	1
44.0725	30.5652	-0.947472	2.51724	1
6.92349	26.4189	-1.37047	0.263203	1
46.914	32.4638	-0.914166	-4.31233	1
6.41834	40.2574	1.80684	-4.48648	1
13.2093	39.2509	1.57943	2.71521	1
21.1746	33.1665	-1.17389	2.29269	1
1.16628	40.341	0.449506	0.511485	1
7.32414	27.76	1.6243	-0.619102	1
15.1958	36.0653	-2.18017	-1.49235	1
13.9065	44.8594	-1.2085	-0.548137	1
20.601	40.1644	3.92375	-0.03578	1
29.9114	37.0194	-2.72171	-2.46802	1
18.2673	37.3558	-1.05224	2.28889	1
15.3435	32.8194	0.710167	0.693951	1
18.241	28.9926	2.58491	1.01919	1
28.8526	44.8799	0.662751	1.286	1
21.4122	28.5411	-2.07648	-3.21051	1
25.0062	35.5932	0.786932	0.609485	1
29.763	34.7373	-0.873094	0.133322	1
33.627	34.4875	-0.634292	0.735592	1
20.0134	29.9312	-1.25616	-0.25088	1
31.7846	42.3553	1.04328	-3.75055	1
32.6838	33.4324	-3.68157	2.05194	1
38.6141	36.1507	-2.43063	-2.90751	1
32.8509	41.9193	0.568878	5.06066	1
42.3201	29.8943	-0.168394	2.28397	1
39.3498	33.8311	2.39111	3.6767	1
47.5321	30.6832	0.312401	1.70145	1
44.8535	28.9732	1.55548	-1.61567	1
7.12022	31.5771	2.1692	0.186233	1
0.127538	46.436	0.435268	-0.675926	1
2.00653	36.4725	-2.39423	2.75639	1
47.6199	40.337	-2.55287	-0.468999	1
47.3854	42.3966	0.602059	-1.32374	1
5.74256	30.4983	3.24835	-0.167824	1
47.0792	33.8865	2.29719	1.74573	1
1.18793	37.828	-4.30455	-3.61677	1
13.3905	33.8655	0.415898	-0.406615	1
2.87053	42.8774	0.0286454	0.258723	1
6.65756	34.5563	-0.935475	-2.29302	1
9.77246	48.3002	0.506799	0.878868	1
14.1001	38.8132	-7.62325	-1.15702	1
15.698	39.3113	-2.26632	-1.65363	1
17.8905	42.4807	2.1429	-3.48726	1
26.1246	40.1947	3.54799	-0.336109	1
23.2682	37.651	1.57086	1.24361	1
24.2658	37.8098	0.591128	0.166802	1
29.7536	23.4421	3.84885	-3.58929	1
21.2903	36.9171	0.75724	0.728209	1
31.1005	33.8378	-3.24167	1.35059	1
30.8813	40.699	1.29591	5.2323	1
37.5327	35.6045	-3.00583	-4.61873	1
34.5225	37.7645	-0.199742	-1.68839	1
27.1974	38.036	-0.681347	0.618108	1
33.7181	40.6901	1.31224	1.25128	1
34.3675	30.2299	-0.978663	-4.0722	1
44.8826	40.0299	0.0182107	2.79054	1
33.3093	42.9069	-1.5071	0.207265	1
41.0229	43.4051	2.9398	0.495475	1
42.4798	32.9032	0.380334	2.17092	1
47.5222	0.564729	2.40142	1.94775	1
41.5047	27.0924	-0.184367	-1.39484	1
47.1338	35.171	-0.984943	-0.489569	1
3.94841	41.3769	1.55151	3.13099	1
37.8318	32.74	0.628143	2.73482	1
4.14161	40.1098	1.76371	-3.125	1
48.8663	40.7625	1.7001	3.96008	1
3.34482	33.9584	0.121305	1.05682	1
4.09232	30.8815	0.0416539	1.06387	1
3.04753	40.5748	-1.17452	1.47591	1
14.2059	46.6349	-2.70162	-1.07629	1
14.1079	42.4913	4.45421	-0.520926	1
7.74069	36.4322	-2.78446	-0.510047	1
17.6502	41.1701	3.8768	1.63757	1
16.7957	40.1129	1.82768	-2.83234	1
15.8273	31.074	-0.114761	-0.822187	1
23.1808	45.3817	3.30602	0.496219	1
25.7394	42.0184	-3.22355	0.808691	1
22.4411	47.0434	2.57691	-0.338909	1
18.7004	41.9144	-0.411933	3.80375	1
35.2265	39.4923	-0.494917	-1.62048	1
24.5851	33.7099	1.83992	1.44311	1
26.7292	32.5169	1.08682	-0.641863	1
28.6304	43.1637	-0.152964	0.754351	1
35.6846	40.6416	-2.10666	0.307665	1
36.7719	40.0191	2.8099	1.47278	1
30.9555	27.0621	-1.78217	0.390178	1
0.116631	27.611	-0.555481	-1.00414	1
37.2762	46.501	-3.68154	3.27017	1
38.7601	41.7959	-0.280483	-0.726316	1
36.3454	33.9571	-2.25213	1.31494	1
39.6583	28.9764	3.07809	1.26283	1
45.0941	38.1405	-1.26057	-0.534847	1
46.6669	36.5603	-2.47389	1.54878	1
1.8943	47.6108	0.223718	0.920187	1
41.7633	35.6982	0.359206	0.0226012	1
49.2347	35.8487	-0.21914	2.81377	1
5.97673	45.8646	0.821864	-0.73113	1
42.5541	38.8481	4.87053	2.18558	1
7.91748	41.4215	2.40641	2.78601	1
21.6708	40.5637	2.29016	-2.70485	1
9.14588	42.5729	-2.08182	-1.28803	1
49.5434	26.2927	-1.6784	-2.52349	1
15.1778	38.0119	3.43311	-2.88791	1
9.54051	40.6025	-2.2355	-1.77726	1
11.6658	39.4745	-2.64481	-1.26174	1
21.0814	43.6748	0.473042	-2.2397	1
19.1617	47.9129	0.682503	-0.876688	1
17.305	39.1547	-0.808045	-1.4534	1
26.9444	44.1297	-0.205709	-0.0539111	1
21.1056	48.6669	0.130067	2.56447	1
12.1562	46.5179	2.29004	0.075637	1
29.2878	5.16925	1.22433	-1.39717	1
25.353	29.5749	0.945491	1.09605	1
40.5924	35.4691	1.53648	1.59335	1
31.9081	45.6259	-4.77508	-1.73322	1
33.9151	32.9261	3.02138	-0.441388	1
36.7353	32.038	0.208758	-0.677281	1
40.8172	36.8806	2.18991	-1.66187	1
36.7355	28.4758	-1.41305	1.2832	1
35.8693	48.8959	0.490494	-3.75655	1
40.4701	38.952	-0.626164	3.42949	1
41.5574	45.8443	1.84239	-3.13759	1
38.657	39.6373	-0.228142	-0.0188344	1
42.7586	1.44255	0.233559	1.72088	1
3.21871	45.3114	0.459019	-3.87229	1
40.9435	34.3264	2.00471	-3.16053	1
7.98278	45.0635	-0.105124	-1.04263	1
16.7386	38.3472	-2.89484	2.91307	1
48.1691	36.896	3.07214	3.3595	1
8.83291	48.6598	0.682897	-2.10629	1
7.73932	33.8744	-0.201001	-0.840896	1
1.26159	0.541674	-0.156513	1.54328	1
8.84733	47.4268	0.702179	-0.0403865	1
6.58407	37.3352	2.22364	1.19365	1
20.1633	41.7884	2.029	-3.83257	1
10.992	35.6807	0.0220036	2.74798	1
3.76444	37.6623	3.86374	-0.397543	1
6.77013	43.663	-0.525036	-2.20971	1
13.3335	47.2014	-1.42187	1.26833	1
11.1758	37.3131	-0.202745	1.65563	1
15.4545	48.42	-3.03596	-3.63619	1
18.108	45.3301	1.23256	4.40903	1
7.76168	39.4292	3.58945	1.11875	1
32.5791	44.4546	-1.4407	2.27025	1
34.5983	33.8571	3.00686	5.26389	1
25.2734	38.6028	1.85876	0.0325742	1
23.6813	43.9383	0.549152	-3.09428	1
26.552	41.4098	-2.00808	-3.5606	1
33.6279	45.1452	4.59354	-4.68427	1
42.633	43.2133	-0.547007	2.23134	1
40.2941	42.8768	3.78256	-1.1883	1
0.103565	43.5016	1.52491	-1.75148	1
35.7817	47.755	-0.16755	2.83405	1
37.3574	43.1189	-4.76619	0.770109	1
30.0954	35.9303	-2.24094	-5.44024	1
37.9517	38.697	4.01546	0.617639	1
1.9389	44.9055	-2.27558	1.62659	1
49.4114	29.7862	2.75164	-1.75004	1
44.2687	40.9358	1.23455	-4.48862	1
1.39859	42.8142	3.39625	-1.44167	1
7.63932	42.6512	-2.08541	2.21732	1
7.58471	46.6341	-0.997311	-2.28338	1
4.46898	36.4589	0.905101	0.146137	1
11.8823	42.7469	1.34888	1.06912	1
9.12878	39.1705	-1.06363	3.19425	1
4.39126	29.9364	-1.87437	3.13138	1
16.6902	35.8386	0.817882	-1.10263	1
2.75056	38.6309	-1.86388	4.11277	1
10.8306	47.998	-1.44687	-0.120776	1
12.2144	0.0678246	1.34282	-1.01279	1
17.9944	39.9631	-4.99074	0.48616	1
17.0029	42.9725	1.77864	0.409285	1
32.1567	41.0566	-0.280989	-2.13517	1
15.9375	45.158	2.11688	2.41714	1
16.1134	37.2583	1.81574	4.8592	1
31.0812	43.5996	0.615021	1.3606	1
33.014	36.0904	-0.498773	1.98489	1
31.0681	36.9808	-0.648393	-3.79085	1
32.5222	48.8181	0.428352	2.72527	1
32.2021	34.7843	-0.932012	0.152479	1
27.0785	36.5441	-0.618777	0.739596	1
34.8447	42.563	0.645096	-0.367428	1
44.1037	38.5303	-0.130193	-0.0378125	1
42.874	36.4364	1.48766	3.59409	1
41.3063	32.2233	-2.40357	-3.51479	1
46.7539	43.1658	-0.219178	3.80576	1
38.861	34.7958	-0.944792	1.44858	1
48.8655	38.9861	-3.70315	-2.10995	1
41.8414	2.04892	-0.690866	1.08353	1
45.4799	0.0741382	-3.4227	-0.20432	1
11.7391	38.3722	0.806119	-1.30806	1
48.8839	44.6698	-2.1503	1.94855	1
17.6872	36.2281	1.37497	1.03626	1
0.0298807	41.4593	-4.75929	3.19625	1
9.37027	45.2123	2.14354	-1.45393	1
16.4746	33.523	2.60103	-1.09916	1
10.3064	44.5588	-0.395922	1.91528	1
7.60571	0.740195	2.11069	-1.38023	1
15.6079	34.8798	2.02057	1.01716	1
18.1565	34.2347	-3.57998	1.52583	1
10.1369	42.9941	0.072237	0.753392	1
13.549	48.6044	-2.99683	-2.0174	1
20.0629	36.4479	-1.47768	-0.00848579	1
26.2418	43.0073	-4.89033	0.750878	1
13.8413	37.3669	-1.50478	-3.45562	1
19.8668	0.485096	-1.60832	1.52227	1
24.1093	41.4688	-0.786094	0.227137	1
36.1605	44.0549	1.61248	-1.95186	1
35.2558	45.3357	0.379696	1.65047	1
27.5159	1.05466	-3.4311	2.38489	1
31.1802	47.1881	3.18175	-3.42698	1
24.6116	42.7622	-0.946184	2.26378	1
36.283	46.6329	2.79802	-1.38378	1
34.2724	39.1809	-2.46311	4.49373	1
38.8039	3.08494	1.2448	0.949973	1
43.505	48.9424	-1.04593	-5.50196	1
36.926	7.25785	-1.85232	0.39519	1
48.2886	43.1588	-1.85041	-0.347366	1
49.6521	38.0588	0.939974	1.3828	1
2.38868	5.81896	2.91602	3.35378	1
48.2056	45.3935	1.47877	-1.52975	1
12.5984	40.8238	0.456189	-0.187192	1
5.39338	41.5878	2.61039	1.32465	1
44.4529	0.837671	0.714987	-0.792484	1
43.428	3.50256	0.908079	-0.754759	1
2.63149	48.7867	0.170501	0.723027	1
46.2059	46.1263	1.91801	2.12716	1
46.4688	1.0658	-0.986112	-1.07539	1
9.90195	49.4404	0.398967	0.203256	1
4.77897	49.9176	-1.11472	-2.71669	1
11.38	5.40755	3.81929	1.94948	1
14.6399	41.2923	4.37305	1.10944	1
12.8827	1.81855	-2.76343	-4.03673	1
18.2035	46.8773	0.0104289	3.82899	1
15.5729	3.19489	0.473137	1.9251	1
28.0028	49.1787	4.80157	-0.631686	1
18.8494	49.8158	3.76464	-2.94922	1
23.8402	46.8415	-0.0328001	-0.325578	1
37.1441	47.6599	-1.92894	-2.92472	1
14.8201	43.8245	0.316934	-1.15913	1
34.321	43.9243	-2.04816	2.52255	1
27.4743	42.585	-1.52477	-1.7408	1
33.7583	5.46776	1.01887	-1.56101	1
36.4082	36.5001	4.08098	1.63146	1
40.2634	33.0054	-0.483188	3.50156	1
32.2684	7.65637	2.37411	-2.44723	1
30.3045	46.3471	-3.29555	2.97046	1
36.9401	49.8441	2.66299	-3.15073	1
49.754	1.74378	2.14236	-0.538145	1
39.6305	44.3197	0.0986733	-1.45154	1
41.6799	44.0853	-0.178852	1.42842	1
46.8779	2.35583	-1.67922	0.280255	1
40.6389	0.495606	2.8481	-2.75756	1
45.0351	48.821	2.6651	0.696029	1
1.99945	46.2578	-1.9224	-2.87525	1
5.71264	44.353	-1.11931	-2.23837	1
7.63708	48.8918	-0.675595	2.70584	1
5.46241	47.4167	0.481671	0.0742417	1
12.0396	36.4441	6.69012	3.23256	1
4.0167	44.3958	2.64512	4.02826	1
12.1424	43.8196	-0.251174	-1.58698	1
1.54802	1.46065	-0.507259	1.52676	1
16.5316	46.4918	-0.162147	-1.43587	1
12.3949	48.7806	0.407545	-2.82538	1
17.9374	43.4537	0.466677	-4.78972	1
16.2318	0.913773	2.77748	-1.7736	1
18.5341	1.14701	-1.80846	1.5446	1
14.5043	39.9769	1.45629	-2.07169	1
19.6833	42.8168	-0.00989048	0.72887	1
24.3301	45.4185	-0.986082	2.70543	1
10.2861	46.384	0.164667	-1.79639	1
32.5595	46.3585	-2.38276	3.82361	1
24.9855	46.1045	-2.89134	1.59328	1
28.6269	2.73706	0.423979	-1.56846	1
34.1869	1.34379	-1.26017	1.86554	1
43.9898	43.5178	-2.12503	-1.5802	1
34.3743	45.9724	-1.39187	-0.158444	1
40.3912	2.64821	-0.104133	6.06636	1
45.3068	45.5262	0.43109	2.3329	1
35.826	42.8953	-1.41057	-2.58576	1
40.5974	49.0081	1.86796	1.76575	1
39.6147	6.22762	0.00144238	0.189702	1
38.7924	46.2478	3.13695	0.786267	1
6.61648	47.9659	2.04481	1.24794	1
48.7058	6.88575	0.438583	-4.14513	1
48.347	3.81273	-1.04019	-4.71047	1
5.14433	40.4406	1.51912	2.95547	1
48.4257	46.7398	-3.05161	1.41117	1
46.4454	44.0357	-0.396088	0.456387	1
49.4612	3.31633	3.2184	-0.230119	1
8.94281	2.9597	-1.66393	1.912	1
10.1404	1.55749	0.990288	0.8544	1
11.2968	6.9119	1.92694	3.87464	1
11.2602	2.01438	1.43453	3.225	1
17.5907	49.982	4.43134	-1.21455	1
